100	20	328
38	-1	-1	-1	-1	-1	-1	-1	-1	-1	175	-1	-1	-1	-1	-1	-1	-1	-1	-1	246	-1	-1	-1	-1	-1	-1	-1	-1	-1	141	-1	-1	327	-1	-1	-1	-1	-1	-1	-1	-1	-1	-1	-1	-1	-1	-1	-1	-1	-1	317	-1	-1	-1	-1	-1	-1	-1	-1	165	-1	-1	-1	-1	-1	-1	-1	-1	-1	-1	141	-1	-1	-1	-1	-1	-1	-1	-1	282	-1	-1	-1	-1	-1	-1	-1	-1	-1	108	-1	-1	-1	-1	-1	-1	-1	-1	-1	
-1	277	-1	-1	-1	-1	-1	-1	-1	-1	-1	220	-1	-1	-1	-1	-1	-1	-1	-1	158	-1	-1	-1	-1	-1	-1	-1	-1	-1	-1	281	-1	-1	-1	-1	-1	-1	-1	-1	-1	201	-1	-1	-1	-1	-1	-1	-1	-1	-1	-1	177	-1	-1	-1	-1	-1	-1	-1	-1	89	-1	-1	-1	-1	-1	-1	-1	-1	-1	-1	45	-1	-1	-1	-1	-1	-1	-1	-1	45	-1	-1	-1	-1	-1	-1	-1	-1	-1	248	-1	-1	-1	-1	-1	-1	-1	-1	
-1	-1	312	-1	-1	-1	-1	-1	-1	-1	-1	-1	75	-1	-1	-1	-1	-1	-1	-1	-1	7	-1	-1	-1	-1	-1	-1	-1	-1	322	-1	-1	-1	-1	-1	-1	-1	-1	-1	-1	-1	89	-1	-1	-1	-1	-1	-1	-1	-1	-1	-1	11	-1	-1	-1	-1	-1	-1	-1	-1	17	-1	-1	-1	-1	-1	-1	-1	-1	-1	-1	272	-1	-1	-1	-1	-1	-1	-1	-1	213	-1	-1	-1	-1	-1	-1	-1	-1	-1	134	-1	-1	-1	-1	-1	-1	-1	
-1	-1	-1	150	-1	-1	-1	-1	-1	-1	-1	-1	-1	262	-1	-1	-1	-1	-1	-1	-1	-1	184	-1	-1	-1	-1	-1	-1	-1	-1	219	-1	-1	-1	-1	-1	-1	-1	-1	-1	-1	-1	179	-1	245	-1	-1	-1	-1	-1	-1	-1	-1	-1	-1	-1	-1	-1	-1	-1	-1	-1	323	-1	-1	-1	-1	-1	153	-1	-1	-1	-1	-1	-1	-1	-1	-1	-1	-1	-1	-1	320	-1	-1	-1	-1	-1	-1	-1	-1	-1	211	-1	-1	-1	-1	-1	-1	
-1	-1	-1	13	-1	-1	-1	-1	-1	-1	-1	-1	-1	-1	175	-1	-1	-1	-1	-1	-1	11	-1	-1	-1	-1	-1	-1	-1	-1	-1	-1	109	-1	-1	-1	-1	-1	-1	-1	-1	-1	-1	-1	248	-1	-1	-1	-1	-1	-1	-1	-1	-1	76	-1	-1	-1	-1	-1	-1	-1	-1	-1	279	-1	-1	-1	-1	-1	-1	-1	-1	-1	34	-1	-1	-1	-1	-1	-1	-1	-1	-1	10	-1	-1	-1	-1	-1	-1	188	-1	-1	-1	-1	-1	-1	-1	-1	
-1	-1	-1	-1	85	-1	-1	-1	-1	-1	-1	-1	-1	-1	-1	212	-1	-1	-1	-1	-1	-1	-1	143	-1	-1	-1	-1	-1	-1	-1	-1	-1	57	-1	-1	-1	-1	-1	-1	-1	-1	-1	-1	-1	13	-1	-1	-1	-1	-1	-1	-1	-1	-1	288	-1	-1	-1	-1	-1	-1	-1	-1	-1	35	-1	-1	-1	-1	-1	-1	-1	21	-1	-1	-1	-1	-1	-1	-1	-1	-1	-1	135	-1	-1	-1	-1	-1	-1	-1	-1	-1	240	-1	-1	-1	-1	-1	
138	-1	-1	-1	-1	-1	-1	-1	-1	-1	-1	-1	-1	-1	-1	-1	32	-1	-1	-1	-1	-1	-1	-1	118	-1	-1	-1	-1	-1	-1	-1	-1	-1	4	-1	-1	-1	-1	-1	-1	-1	-1	-1	-1	-1	204	-1	-1	-1	-1	-1	206	-1	-1	-1	-1	-1	-1	65	-1	-1	-1	-1	-1	-1	-1	-1	-1	-1	-1	-1	-1	-1	-1	304	-1	-1	-1	-1	-1	-1	-1	-1	-1	22	-1	-1	-1	-1	-1	-1	-1	-1	-1	172	-1	-1	-1	-1	
-1	-1	-1	-1	-1	321	-1	-1	-1	-1	-1	93	-1	-1	-1	-1	-1	-1	-1	-1	-1	-1	-1	-1	-1	172	-1	-1	-1	-1	-1	-1	-1	-1	-1	198	-1	-1	-1	-1	-1	-1	-1	-1	-1	-1	-1	123	-1	-1	-1	-1	-1	-1	165	-1	-1	-1	-1	-1	-1	-1	-1	-1	-1	-1	151	-1	-1	-1	-1	-1	-1	-1	-1	-1	7	-1	-1	-1	-1	-1	-1	64	-1	-1	-1	-1	-1	-1	-1	-1	-1	-1	-1	-1	292	-1	-1	-1	
-1	-1	-1	-1	-1	-1	273	-1	-1	-1	-1	-1	-1	-1	-1	-1	-1	200	-1	-1	-1	-1	11	-1	-1	-1	-1	-1	-1	-1	-1	-1	-1	-1	-1	-1	250	-1	-1	-1	-1	-1	-1	-1	-1	-1	-1	-1	180	-1	-1	-1	-1	-1	-1	-1	73	-1	-1	-1	-1	-1	-1	-1	-1	-1	-1	71	-1	-1	-1	-1	-1	-1	-1	247	-1	-1	-1	-1	-1	-1	-1	-1	-1	-1	167	-1	-1	-1	-1	-1	147	-1	-1	-1	-1	-1	-1	-1	
-1	-1	-1	-1	-1	-1	-1	197	-1	-1	-1	-1	-1	-1	-1	-1	-1	-1	73	-1	-1	-1	-1	-1	-1	-1	276	-1	-1	-1	-1	-1	-1	-1	-1	94	-1	-1	-1	-1	-1	-1	-1	-1	-1	-1	-1	-1	-1	177	-1	309	-1	-1	-1	-1	-1	-1	-1	-1	-1	-1	-1	-1	-1	-1	-1	-1	17	-1	-1	-1	10	-1	-1	-1	-1	-1	-1	-1	-1	-1	62	-1	-1	-1	-1	-1	-1	-1	-1	-1	-1	-1	-1	-1	-1	38	-1	-1	
-1	-1	-1	-1	223	-1	-1	-1	-1	-1	-1	-1	-1	-1	-1	-1	-1	-1	-1	143	-1	-1	-1	-1	-1	-1	-1	236	-1	-1	-1	-1	-1	-1	-1	-1	-1	51	-1	-1	-1	-1	-1	-1	-1	-1	13	-1	-1	-1	-1	-1	-1	-1	-1	-1	324	-1	-1	-1	-1	235	-1	-1	-1	-1	-1	-1	-1	-1	-1	-1	-1	-1	155	-1	-1	-1	-1	-1	-1	-1	-1	-1	-1	-1	-1	162	-1	-1	-1	-1	-1	-1	-1	-1	-1	-1	142	-1	
-1	-1	-1	-1	-1	-1	-1	-1	251	-1	-1	-1	-1	-1	-1	254	-1	-1	-1	-1	-1	-1	-1	-1	-1	248	-1	-1	-1	-1	-1	-1	-1	-1	-1	-1	187	-1	-1	-1	-1	-1	45	-1	-1	-1	-1	-1	-1	-1	-1	-1	-1	-1	-1	-1	-1	262	-1	-1	-1	-1	-1	-1	-1	-1	-1	-1	-1	134	-1	-1	-1	-1	-1	-1	-1	64	-1	-1	-1	142	-1	-1	-1	-1	-1	-1	-1	-1	-1	-1	-1	-1	-1	211	-1	-1	-1	-1	
-1	-1	-1	-1	-1	-1	-1	-1	-1	140	-1	-1	-1	297	-1	-1	-1	-1	-1	-1	-1	-1	-1	-1	-1	-1	-1	150	-1	-1	-1	-1	-1	-1	-1	-1	-1	-1	107	-1	-1	-1	-1	-1	-1	-1	-1	293	-1	-1	-1	-1	-1	176	-1	-1	-1	-1	-1	-1	-1	-1	-1	-1	-1	-1	-1	93	-1	-1	-1	-1	-1	-1	-1	-1	-1	127	-1	-1	-1	-1	-1	-1	-1	317	-1	-1	-1	-1	-1	-1	-1	-1	12	-1	-1	-1	-1	-1	
-1	-1	-1	-1	-1	-1	187	-1	-1	-1	-1	-1	-1	-1	-1	-1	277	-1	-1	-1	-1	-1	-1	-1	-1	-1	-1	-1	102	-1	-1	-1	-1	-1	-1	-1	-1	-1	-1	128	-1	-1	-1	-1	287	-1	-1	-1	-1	-1	-1	-1	-1	-1	-1	303	-1	-1	-1	-1	-1	-1	-1	-1	-1	-1	-1	-1	124	-1	-1	228	-1	-1	-1	-1	-1	-1	-1	-1	-1	-1	-1	-1	-1	-1	-1	-1	60	-1	-1	-1	-1	-1	-1	-1	249	-1	-1	-1	
-1	-1	-1	-1	-1	-1	-1	-1	-1	48	5	-1	-1	-1	-1	-1	-1	-1	-1	-1	-1	-1	-1	-1	-1	-1	227	-1	-1	-1	-1	-1	295	-1	-1	-1	-1	-1	-1	-1	-1	-1	-1	-1	-1	-1	-1	-1	219	-1	-1	-1	-1	-1	-1	-1	-1	-1	191	-1	-1	-1	-1	-1	-1	-1	156	-1	-1	-1	-1	-1	-1	-1	-1	-1	-1	-1	320	-1	-1	-1	-1	-1	-1	-1	-1	-1	283	-1	-1	-1	-1	270	-1	-1	-1	-1	-1	-1	
-1	-1	-1	-1	-1	-1	-1	251	-1	-1	-1	-1	-1	-1	-1	-1	-1	131	-1	-1	-1	-1	-1	249	-1	-1	-1	-1	-1	-1	-1	-1	-1	-1	-1	-1	-1	-1	-1	-1	14	-1	-1	-1	-1	-1	-1	-1	-1	-1	145	-1	-1	-1	-1	-1	-1	-1	-1	275	-1	-1	-1	-1	244	-1	-1	-1	-1	-1	-1	-1	-1	-1	-1	-1	-1	-1	-1	269	327	-1	-1	-1	-1	-1	-1	-1	-1	-1	-1	-1	-1	-1	-1	-1	-1	-1	63	-1	
-1	44	-1	-1	-1	-1	-1	-1	-1	-1	-1	-1	-1	-1	-1	-1	-1	-1	-1	29	-1	-1	-1	-1	-1	-1	-1	-1	-1	270	-1	-1	-1	-1	-1	-1	-1	-1	-1	83	238	-1	-1	-1	-1	-1	-1	-1	-1	-1	-1	-1	-1	-1	-1	-1	-1	81	-1	-1	-1	-1	182	-1	-1	-1	-1	-1	-1	-1	-1	-1	-1	-1	-1	-1	-1	-1	42	-1	-1	-1	-1	-1	-1	-1	-1	-1	-1	300	275	-1	-1	-1	-1	-1	-1	-1	-1	-1	
-1	-1	72	-1	-1	-1	-1	-1	-1	-1	-1	-1	-1	-1	-1	-1	-1	-1	143	-1	-1	-1	-1	-1	-1	-1	-1	-1	-1	214	-1	-1	-1	-1	287	-1	-1	-1	-1	-1	-1	-1	-1	169	-1	-1	-1	-1	-1	-1	-1	-1	-1	-1	-1	-1	-1	-1	-1	-1	104	-1	-1	-1	-1	132	-1	-1	-1	-1	-1	-1	-1	-1	-1	-1	124	-1	-1	-1	-1	-1	-1	-1	-1	-1	-1	296	-1	-1	-1	-1	-1	-1	-1	-1	-1	-1	-1	144	
-1	-1	-1	-1	-1	326	-1	-1	-1	-1	-1	-1	93	-1	-1	-1	-1	-1	-1	-1	-1	-1	-1	-1	-1	-1	-1	-1	239	-1	-1	-1	-1	-1	-1	-1	-1	189	-1	-1	-1	-1	-1	-1	-1	-1	-1	-1	-1	-1	170	-1	-1	-1	-1	-1	-1	-1	47	-1	-1	-1	-1	239	-1	-1	-1	-1	-1	-1	23	-1	-1	-1	-1	-1	-1	-1	-1	-1	-1	-1	-1	-1	-1	-1	-1	-1	-1	145	-1	-1	-1	-1	-1	-1	-1	139	-1	-1	
-1	-1	-1	-1	-1	-1	-1	-1	38	-1	-1	-1	-1	-1	45	-1	-1	-1	-1	-1	-1	-1	-1	-1	46	-1	-1	-1	-1	-1	-1	-1	-1	-1	-1	-1	-1	-1	5	-1	-1	219	-1	-1	-1	-1	-1	-1	-1	55	-1	-1	-1	-1	-1	-1	-1	-1	-1	-1	-1	-1	-1	-1	-1	-1	-1	-1	-1	-1	153	-1	-1	-1	-1	-1	-1	-1	-1	184	-1	-1	-1	-1	-1	-1	260	-1	-1	-1	-1	-1	-1	-1	-1	-1	-1	-1	-1	197	

