160 80 
2 4 
2 2 2 2 2 2 2 2 2 2 2 2 2 2 2 2 2 2 2 2 2 2 2 2 2 2 2 2 2 2 2 2 2 2 2 2 2 2 2 2 2 2 2 2 2 2 2 2 2 2 2 2 2 2 2 2 2 2 2 2 2 2 2 2 2 2 2 2 2 2 2 2 2 2 2 2 2 2 2 2 2 2 2 2 2 2 2 2 2 2 2 2 2 2 2 2 2 2 2 2 2 2 2 2 2 2 2 2 2 2 2 2 2 2 2 2 2 2 2 2 2 2 2 2 2 2 2 2 2 2 2 2 2 2 2 2 2 2 2 2 2 2 2 2 2 2 2 2 2 2 2 2 2 2 2 2 2 2 2 2 
4 4 4 4 4 4 4 4 4 4 4 4 4 4 4 4 4 4 4 4 4 4 4 4 4 4 4 4 4 4 4 4 4 4 4 4 4 4 4 4 4 4 4 4 4 4 4 4 4 4 4 4 4 4 4 4 4 4 4 4 4 4 4 4 4 4 4 4 4 4 4 4 4 4 4 4 4 4 4 4 

1 2 
1 3 
1 4 
1 5 
2 6 
2 7 
2 8 
3 9 
3 10 
3 11 
4 12 
4 13 
4 14 
5 15 
5 16 
5 17 
6 18 
6 19 
6 20 
7 21 
7 22 
7 23 
8 24 
8 25 
8 26 
9 27 
9 28 
9 29 
10 30 
10 31 
10 32 
11 33 
11 34 
11 35 
12 36 
12 37 
12 38 
13 39 
13 40 
13 41 
14 42 
14 43 
14 44 
15 45 
15 46 
15 47 
16 48 
16 49 
16 50 
17 51 
17 52 
17 53 
18 54 
18 55 
18 56 
19 57 
19 58 
19 59 
20 60 
20 61 
20 62 
21 63 
21 64 
21 65 
22 66 
22 67 
22 68 
23 69 
23 70 
23 71 
24 72 
24 73 
24 74 
25 75 
25 76 
25 77 
26 78 
26 79 
26 80 
27 55 
27 74 
27 70 
28 63 
28 58 
28 78 
29 62 
29 76 
29 67 
30 54 
30 66 
30 80 
31 57 
31 71 
31 77 
32 73 
32 60 
32 64 
33 69 
33 61 
33 79 
34 72 
34 68 
34 59 
35 75 
35 56 
35 65 
36 56 
36 71 
36 78 
37 74 
37 66 
37 61 
38 76 
38 64 
38 59 
39 60 
39 70 
39 75 
40 63 
40 54 
40 72 
41 57 
41 67 
41 79 
42 73 
42 69 
42 58 
43 55 
43 68 
43 77 
44 65 
44 62 
44 80 
45 64 
45 55 
45 79 
46 72 
46 71 
46 62 
47 58 
47 75 
47 66 
48 63 
48 77 
48 61 
49 73 
49 67 
49 56 
50 80 
50 70 
50 59 
51 69 
51 76 
51 54 
52 60 
52 68 
52 78 
53 65 
53 74 
53 57 

1 2 3 4 
1 5 6 7 
2 8 9 10 
3 11 12 13 
4 14 15 16 
5 17 18 19 
6 20 21 22 
7 23 24 25 
8 26 27 28 
9 29 30 31 
10 32 33 34 
11 35 36 37 
12 38 39 40 
13 41 42 43 
14 44 45 46 
15 47 48 49 
16 50 51 52 
17 53 54 55 
18 56 57 58 
19 59 60 61 
20 62 63 64 
21 65 66 67 
22 68 69 70 
23 71 72 73 
24 74 75 76 
25 77 78 79 
26 80 81 82 
27 83 84 85 
28 86 87 88 
29 89 90 91 
30 92 93 94 
31 95 96 97 
32 98 99 100 
33 101 102 103 
34 104 105 106 
35 107 108 109 
36 110 111 112 
37 113 114 115 
38 116 117 118 
39 119 120 121 
40 122 123 124 
41 125 126 127 
42 128 129 130 
43 131 132 133 
44 134 135 136 
45 137 138 139 
46 140 141 142 
47 143 144 145 
48 146 147 148 
49 149 150 151 
50 152 153 154 
51 155 156 157 
52 158 159 160 
53 89 120 154 
54 80 128 135 
55 105 107 148 
56 92 122 160 
57 84 127 140 
58 103 115 151 
59 96 116 155 
60 99 112 145 
61 86 132 139 
62 83 119 143 
63 97 114 134 
64 106 131 158 
65 90 111 142 
66 88 123 147 
67 102 129 156 
68 98 126 152 
69 82 117 150 
70 93 108 138 
71 101 121 137 
72 95 125 146 
73 81 110 159 
74 104 118 141 
75 87 113 153 
76 94 130 144 
77 85 109 157 
78 100 124 136 
79 91 133 149 