120 60 5 0 0
1 31 61 83 103 
2 32 62 84 104 
3 33 63 83 101 
4 34 64 85 105 
5 35 63 86 106 
4 36 65 87 90 
6 37 66 88 107 
7 38 67 89 108 
8 38 68 86 109 
9 39 61 90 110 
10 40 69 91 111 
11 41 70 92 112 
12 42 66 80 113 
13 43 71 84 114 
14 37 72 85 112 
15 44 73 93 106 
16 33 74 94 114 
1 45 69 81 105 
17 40 62 88 115 
18 46 66 95 106 
19 47 75 89 102 
19 42 76 90 112 
20 43 75 93 110 
5 48 76 91 107 
21 49 63 87 104 
22 45 73 96 116 
23 44 67 91 117 
11 39 77 86 113 
24 50 76 97 114 
25 51 78 97 118 
16 52 68 93 103 
26 53 77 95 118 
24 54 79 95 115 
15 32 72 98 111 
17 55 77 99 108 
26 48 64 100 119 
7 31 80 84 118 
13 46 70 87 103 
27 56 67 85 116 
28 47 69 94 119 
29 50 62 68 117 
30 57 65 99 116 
8 51 65 98 119 
30 58 71 100 117 
10 57 80 92 109 
27 54 71 82 107 
28 35 78 82 120 
2 59 79 101 120 
6 36 74 96 111 
9 58 72 94 115 
3 41 73 88 0 
18 52 81 100 101 
20 60 64 83 113 
29 60 82 92 102 
21 56 81 97 109 
12 55 78 96 110 
22 34 79 98 108 
23 53 74 102 104 
25 59 70 89 105 
14 49 75 99 120 
